0
0
0
79
82
88
97
103
108
118
131
140
150
163
181
197
214
233
249
255
255
255
255
255
255
255
255
255
255
255
255
255
255
255
255
255
255
255
254
213
157
121
104
0
0
78
81
86
90
97
104
110
117
128
140
149
161
177
197
216
238
249
254
255
255
255
255
255
255
255
255
255
255
255
255
255
255
255
255
255
255
242
165
132
109
0
0
72
76
80
86
96
97
102
109
118
127
138
149
160
169
190
212
238
248
255
255
255
255
255
255
255
255
255
255
255
255
255
255
255
255
255
255
255
186
136
111
0
0
68
70
79
84
90
91
97
103
109
116
123
136
144
150
166
180
200
234
249
254
255
255
255
255
255
255
255
255
255
255
255
255
255
255
255
255
255
252
150
110
0
0
66
68
73
77
81
86
91
92
101
108
111
125
131
139
147
154
169
195
232
246
254
255
255
255
255
255
255
255
255
255
255
255
255
255
255
255
255
255
236
116
0
0
63
63
68
73
76
80
86
91
96
97
105
116
121
124
131
141
148
164
193
229
246
253
255
255
255
255
255
255
255
255
255
255
255
255
255
255
255
255
250
116
0
0
57
62
64
71
75
77
81
83
87
91
98
104
108
116
122
127
130
139
152
179
220
242
252
255
255
255
255
255
255
255
255
255
255
255
255
255
255
255
203
109
0
0
56
63
65
65
68
72
75
79
83
85
89
97
98
102
104
108
111
117
132
149
172
214
240
249
255
255
255
255
255
255
255
255
255
255
255
255
254
201
124
106
0
0
56
58
60
62
64
67
71
72
72
76
79
84
89
92
90
92
100
107
114
123
139
161
197
227
247
254
255
255
255
255
255
255
255
255
255
239
155
115
101
97
0
0
55
57
58
59
61
65
66
68
71
71
76
76
82
83
83
84
90
93
100
106
119
131
144
162
190
227
252
255
255
255
255
255
255
249
182
139
118
106
90
89
0
0
51
54
55
56
59
61
65
66
66
70
71
76
75
76
75
79
82
84
90
92
96
111
120
130
140
160
190
249
255
255
255
250
182
155
132
118
108
93
89
81
0
0
48
53
54
59
58
60
63
62
66
69
67
73
71
71
72
75
75
81
81
84
90
93
101
111
115
127
136
153
222
238
175
137
125
112
107
100
95
89
78
76
0
0
50
52
50
54
56
59
59
62
65
67
67
69
69
70
67
72
75
73
79
77
81
84
91
95
100
106
108
114
120
121
113
102
98
95
98
87
86
79
73
73
0
0
50
52
53
53
54
57
60
60
61
64
65
66
65
68
66
70
70
70
73
71
75
74
82
82
87
84
90
92
96
97
91
87
89
82
82
78
76
75
72
71
0
0
47
49
51
50
55
55
56
59
59
62
63
65
62
65
64
61
66
65
68
70
71
69
73
74
77
77
77
81
78
79
81
78
78
75
71
73
69
69
69
73
0
0
46
48
51
51
51
55
55
57
58
56
56
59
62
62
62
62
62
65
66
65
66
66
66
69
70
71
70
71
73
70
71
73
69
71
70
71
68
65
71
84
0
0
47
46
49
51
53
55
54
52
57
56
55
59
60
60
60
63
62
63
66
64
67
64
66
63
64
64
66
64
65
67
67
68
68
66
67
67
66
67
78
129
0
0
44
43
47
47
50
52
50
53
53
55
57
57
57
61
60
62
62
60
62
61
61
63
63
62
62
62
63
61
64
64
63
65
62
67
64
65
65
66
97
156
0
0
42
44
46
47
48
46
51
52
52
53
53
53
53
57
59
58
60
58
61
61
59
61
62
62
57
59
61
60
59
61
60
60
62
63
62
60
63
78
111
150
0
0
38
43
45
45
46
46
46
50
51
53
55
55
56
58
58
56
59
60
57
59
57
56
58
57
57
57
58
58
59
59
60
58
59
60
59
61
69
88
124
135
0
0
40
42
42
42
44
47
47
48
49
51
52
54
51
53
56
55
55
56
54
58
58
57
57
57
59
56
57
56
58
56
56
58
59
56
59
65
81
108
133
133
0
0
36
42
44
41
42
44
45
48
48
49
49
51
54
54
53
54
56
54
51
55
57
57
55
54
56
57
58
55
57
57
56
56
56
56
58
64
85
111
138
124
0
0
36
38
40
43
42
46
47
47
49
49
48
52
49
53
51
53
52
54
55
52
54
52
55
56
57
54
54
54
58
57
55
55
56
56
57
63
94
149
189
114
0
0
36
37
38
41
41
43
46
46
48
49
47
48
50
50
52
51
54
52
53
51
57
53
53
54
53
54
55
53
56
56
53
54
56
63
64
63
105
176
194
122
0
0
38
40
40
39
38
43
40
43
45
46
47
45
50
49
51
53
50
52
53
49
54
52
53
55
55
55
54
56
54
54
55
56
60
55
49
50
94
138
127
75
0
0
39
40
38
38
40
41
43
43
45
45
46
48
48
47
48
50
51
52
51
51
51
51
53
55
53
53
51
53
56
54
54
53
55
49
34
41
78
88
64
41
0
0
39
39
40
38
36
37
39
39
43
44
43
48
46
48
48
49
48
51
48
48
50
51
51
52
52
51
54
54
54
51
54
51
49
39
31
42
60
56
41
33
0
0
38
37
40
39
37
39
38
42
39
43
42
43
45
47
46
49
49
48
48
49
50
48
50
54
51
52
52
52
53
53
52
53
50
39
35
42
43
37
32
29
0
0
38
40
40
39
41
40
39
36
40
42
45
42
46
46
47
45
47
47
48
47
49
49
50
50
50
54
51
54
51
52
55
53
52
49
44
40
31
23
20
20
0
0
42
39
38
38
40
39
40
38
38
39
41
45
42
42
45
48
45
45
49
49
47
51
48
51
51
51
49
53
52
54
51
53
60
59
53
38
26
17
14
15
0
0
41
40
38
42
39
41
39
41
39
37
40
40
43
40
43
44
45
46
46
43
49
47
48
51
49
49
51
50
51
51
48
51
56
56
47
30
20
15
13
12
0
0
43
41
42
40
39
41
40
39
40
40
39
38
41
44
41
44
47
45
48
48
46
46
48
48
50
50
50
51
51
50
51
50
50
51
44
30
18
14
12
12
0
0
42
43
43
41
40
43
41
41
37
39
40
38
43
42
42
43
45
44
42
44
46
48
47
48
49
50
46
51
50
50
54
54
53
51
46
30
17
14
10
12
0
0
43
44
45
45
43
40
39
40
39
41
42
38
40
40
42
40
41
44
45
45
45
47
46
48
47
48
50
49
50
52
52
51
52
51
47
28
15
13
10
10
0
0
44
43
45
42
44
42
43
41
40
40
41
39
38
39
38
40
42
43
46
44
45
48
47
48
48
48
48
50
50
49
51
52
48
51
46
27
15
10
11
11
0
0
44
42
45
46
44
44
43
43
41
41
44
41
41
40
37
38
41
40
43
43
45
46
45
48
47
47
49
48
50
50
51
50
50
51
47
33
14
10
12
9
0
0
46
45
44
45
42
43
43
44
41
40
43
43
42
39
40
41
38
43
42
44
43
45
46
46
46
49
46
48
50
50
51
51
51
50
54
37
17
11
10
9
0
0
44
46
45
45
45
46
44
43
45
42
41
40
43
41
41
40
41
37
41
43
45
44
45
46
47
48
47
47
49
51
48
49
53
53
53
42
19
12
10
11
0
0
45
44
44
45
44
46
43
46
46
46
41
44
42
45
41
42
42
40
38
42
42
43
42
45
46
47
46
49
49
48
51
53
55
54
54
47
24
13
11
9
0
0
47
46
46
45
45
45
46
45
45
46
45
45
42
41
43
40
42
40
40
39
39
42
44
45
44
44
44
46
46
50
48
54
50
51
56
52
27
14
11
10
0
0
47
45
47
45
47
45
47
42
44
47
46
43
45
42
42
44
42
41
42
41
41
41
43
44
44
45
47
46
47
50
49
50
58
71
65
55
28
17
11
12
0
0
48
50
48
45
47
47
47
48
46
45
44
47
46
45
44
41
44
42
41
42
39
42
41
43
44
43
46
48
49
46
49
72
121
115
82
52
28
19
0
